$ANSIBLE_VAULT;1.1;AES256
39653765313132623233373930353936393138383563633837333866323732326632366334333230
3765356561356565343337306531613262306635306332330a643265396232356263366363373662
33383863616461373565646534633937346534323733396333383063333161313134613434313734
6566343539393034610a336535353933306531306433653763653939353963653838373761323233
32656666376262336539626161313833316430366333653231313139383061303738643964663335
38653033653132383031336132393431353635656337313864613632386165626232353632326435
64383362643730336534656634336137623532326336663131356331346437333137313138663831
39623631386434313838656636323631346137323531626537366366613137336534613039306533
39396261636166316136313239316532653038613434386236306162303362316162663839323539
32373631333563363633326338373864326238383530353231633466626466666431653165396638
34333532366533623530383263653863333132653163386234623162373130393437393733306339
64396361316464613261303734323830393033363665343263353663356265366466316431326535
35666237323465663163373237656632393739353732303037663965666538643330
