$ANSIBLE_VAULT;1.1;AES256
62653039643230666465656632373763383764636662373436616636623466303536313661633533
3934313139623032373437663464333533636137323463630a613935373637323364353063613562
32636664343263363832363030613163323732376664313034363231306338653663343365663031
6531323430376633640a646237663330383630356133363063643038616432643439303365616165
62616439353731656430626638393435373461386162656336613963623865313565313666663961
38313262663634653962663637633531363963616431363066393162323035386234366364373132
32346263333266663733613466366235336461623465323162616362636337326434353832383730
36333636343337616266313537333134366262643734346535346634366433633632393864636338
38633031626637376231306461656632303937326238353661663032326135373833363836353963
38613861313738633461376639336232356232323237363438616236303265666135643339303532
63363830613131316639356431643564636164336666363830316533316362626465633134373363
38333639333336653164663231373164663936626435363138393934666337353531396134666634
31393861613566373535633336323338303936376534616366323837666331626133343333383361
62323864303039363238613362633638636331633865656534303531373066323761623961303766
61643362626432346135633166623536346630383334373430373232623063303438323863313261
34353235636262343932626661636130356535323264356333303037353835626466663537313862
37333034373061643664306333373032663839396239656632303033336636383132633163353962
31386263326537346663666131613430626232393030663664343163353231383932663837303839
36363162336231383735646636353264306261373365626462346638643630353162363635616535
32663632323637376361383237663234333561613538363861633231373061663438363037353434
37366462396266326261646461303338663864626439393136333637393738386639613738306265
31316633626337613331303431666438643837616136346464386366323761373963353137643939
36353732383961303739383930303564653636663063393438363331353330336466386436613332
31386533336330346439626230613036633930383033343063346632653139366133616633636638
36663231643531343434633035383665373563346465656432363463666133666165
