$ANSIBLE_VAULT;1.1;AES256
35633962356138653238666363323732643939356530666365386233306635663465396435303933
3563356162366531343131613432646564323433323932360a613666636364336366666135306563
32323635613131343461666261623563623136333237333364343262376238306366373530376134
6537363362623239310a663963313233623262653463353632303061346461663362616531343932
62666333663737663766313039326236626139626235313132346435323462653835323737623737
66323361613061313830353166623536623235353264666137303266663161346664656361303338
37306338383334643833383562323164663633363239653435323366323766363362663462353261
30646135386465633666313437343865656363616431303832316632333734623063626139343438
61636235336635343635656263643262613331313037643339383336323534363435633233366535
33646634663531356365646135343462623263626665346234666331393432393130333435393937
36353366636539663332346137386261316330363336666665346430646266313734343539613634
34313063653562333230303437373336613130353730383464656465373063656664336565653535
33653737353339306464613438346464316639646639376236363730633934343738343735653365
34323063393036613932643732323862333938663161636162383230663333343535656265393639
38373433386264373732333464346538663561393735363835373265396263313463376330613031
34336331633737353261303466613838663930626266313565373139616530616232333934303665
37393030376366373362636662326336656233643336333963323932646439376563633036663833
38336239616162383366393833336534656535356266663231336461373833363734643830353135
32663035393161343833656164663161323565366139663861636537366230353364356134663664
37363565663035623838643735613536666336333433306336313431323735613965616337393935
66396366363333393438346561613732643162633939663830373233373564633236623132326238
61666536623966623934366364666533633765393536663736343766383464633530636665303234
35616561626637363562306432333830326439363933336463663732353033636530393933653030
33306336373232396434376263643461333830363130393236646539663235366435393939336637
6336
